0	0.999	0.001	0
0.1	0.998965	0.00102733	8.10883e-06
0.2	0.998928	0.00105541	1.64393e-05
0.3	0.998891	0.00108425	2.49974e-05
0.4	0.998852	0.00111388	3.37894e-05
0.5	0.998813	0.00114432	4.28216e-05
0.6	0.998772	0.00117559	5.21007e-05
0.7	0.998731	0.00120771	6.16333e-05
0.8	0.998688	0.0012407	7.14263e-05
0.9	0.998644	0.0012746	8.14869e-05
1	0.998599	0.00130942	9.18224e-05
1.1	0.998552	0.00134519	0.00010244
1.2	0.998505	0.00138193	0.000113348
1.3	0.998456	0.00141968	0.000124554
1.4	0.998405	0.00145845	0.000136066
1.5	0.998354	0.00149828	0.000147892
1.6	0.998301	0.00153919	0.000160041
1.7	0.998246	0.00158122	0.000172522
1.8	0.99819	0.0016244	0.000185343
1.9	0.998133	0.00166874	0.000198515
2	0.998074	0.0017143	0.000212047
2.1	0.998013	0.0017611	0.000225947
2.2	0.997951	0.00180917	0.000240228
2.3	0.997887	0.00185854	0.000254897
2.4	0.997821	0.00190926	0.000269968
2.5	0.997753	0.00196136	0.000285449
2.6	0.997684	0.00201488	0.000301353
2.7	0.997612	0.00206985	0.000317691
2.8	0.997539	0.00212632	0.000334475
2.9	0.997464	0.00218432	0.000351717
3	0.997387	0.0022439	0.000369428
3.1	0.997307	0.0023051	0.000387623
3.2	0.997226	0.00236796	0.000406314
3.3	0.997142	0.00243252	0.000425515
3.4	0.997056	0.00249884	0.000445239
3.5	0.996968	0.00256696	0.000465501
3.6	0.996877	0.00263693	0.000486316
3.7	0.996784	0.00270879	0.000507697
3.8	0.996688	0.00278261	0.000529662
3.9	0.996589	0.00285843	0.000552224
4	0.996488	0.0029363	0.000575402
4.1	0.996385	0.00301629	0.000599211
4.2	0.996278	0.00309844	0.000623668
4.3	0.996168	0.00318281	0.000648792
4.4	0.996056	0.00326947	0.000674599
4.5	0.99594	0.00335848	0.00070111
4.6	0.995822	0.0034499	0.000728342
4.7	0.9957	0.00354379	0.000756315
4.8	0.995575	0.00364022	0.000785049
4.9	0.995446	0.00373926	0.000814565
5	0.995314	0.00384097	0.000844884
5.1	0.995179	0.00394543	0.000876028
5.2	0.995039	0.00405272	0.000908019
5.3	0.994896	0.0041629	0.000940879
5.4	0.994749	0.00427605	0.000974633
5.5	0.994598	0.00439226	0.0010093
5.6	0.994443	0.0045116	0.00104492
5.7	0.994284	0.00463416	0.0010815
5.8	0.994121	0.00476002	0.00111907
5.9	0.993953	0.00488927	0.00115767
6	0.993781	0.005022	0.00119731
6.1	0.993604	0.00515831	0.00123803
6.2	0.993422	0.00529827	0.00127985
6.3	0.993235	0.00544201	0.00132281
6.4	0.993043	0.0055896	0.00136694
6.5	0.992847	0.00574116	0.00141226
6.6	0.992644	0.00589678	0.0014588
6.7	0.992437	0.00605658	0.00150662
6.8	0.992224	0.00622067	0.00155572
6.9	0.992005	0.00638915	0.00160616
7	0.99178	0.00656214	0.00165796
7.1	0.991549	0.00673977	0.00171116
7.2	0.991312	0.00692215	0.00176581
7.3	0.991069	0.0071094	0.00182193
7.4	0.990819	0.00730165	0.00187957
7.5	0.990562	0.00749904	0.00193877
7.6	0.990299	0.00770169	0.00199957
7.7	0.990028	0.00790974	0.00206201
7.8	0.989751	0.00812334	0.00212614
7.9	0.989465	0.00834263	0.002192
8	0.989173	0.00856774	0.00225964
8.1	0.988872	0.00879884	0.0023291
8.2	0.988563	0.00903608	0.00240044
8.3	0.988247	0.00927961	0.0024737
8.4	0.987921	0.0095296	0.00254893
8.5	0.987588	0.0097862	0.00262619
8.6	0.987245	0.0100496	0.00270553
8.7	0.986893	0.01032	0.002787
8.8	0.986532	0.0105975	0.00287066
8.9	0.986161	0.0108823	0.00295658
9	0.985781	0.0111746	0.0030448
9.1	0.98539	0.0114747	0.00313539
9.2	0.984989	0.0117826	0.00322842
9.3	0.984577	0.0120986	0.00332394
9.4	0.984155	0.0124229	0.00342202
9.5	0.983722	0.0127558	0.00352273
9.6	0.983277	0.0130973	0.00362613
9.7	0.98282	0.0134477	0.00373231
9.8	0.982351	0.0138074	0.00384132
9.9	0.98187	0.0141764	0.00395325
10	0.981377	0.014555	0.00406817
10.1	0.98087	0.0149434	0.00418616
10.2	0.980351	0.015342	0.00430729
10.3	0.979817	0.0157509	0.00443165
10.4	0.97927	0.0161704	0.00455933
10.5	0.978709	0.0166007	0.00469041
10.6	0.978133	0.0170422	0.00482497
10.7	0.977542	0.017495	0.00496311
10.8	0.976936	0.0179595	0.00510492
10.9	0.976314	0.0184359	0.0052505
11	0.975676	0.0189245	0.00539993
11.1	0.975021	0.0194257	0.00555332
11.2	0.97435	0.0199397	0.00571078
11.3	0.973661	0.0204667	0.00587239
11.4	0.972954	0.0210072	0.00603828
11.5	0.97223	0.0215615	0.00620855
11.6	0.971487	0.0221297	0.0063833
11.7	0.970725	0.0227124	0.00656266
11.8	0.969943	0.0233098	0.00674674
11.9	0.969142	0.0239222	0.00693566
12	0.96832	0.02455	0.00712954
12.1	0.967478	0.0251936	0.0073285
12.2	0.966614	0.0258532	0.00753268
12.3	0.965728	0.0265294	0.00774219
12.4	0.96482	0.0272223	0.00795719
12.5	0.96389	0.0279325	0.0081778
12.6	0.962936	0.0286602	0.00840416
12.7	0.961958	0.0294059	0.00863641
12.8	0.960955	0.0301699	0.0088747
12.9	0.959928	0.0309527	0.00911918
13	0.958875	0.0317547	0.00936999
13.1	0.957796	0.0325762	0.0096273
13.2	0.956691	0.0334177	0.00989127
13.3	0.955558	0.0342796	0.010162
13.4	0.954398	0.0351623	0.0104398
13.5	0.953209	0.0360663	0.0107247
13.6	0.951991	0.0369919	0.0110169
13.7	0.950744	0.0379397	0.0113166
13.8	0.949466	0.03891	0.011624
13.9	0.948157	0.0399033	0.0119392
14	0.946817	0.0409201	0.0122625
14.1	0.945445	0.0419608	0.012594
14.2	0.94404	0.0430259	0.012934
14.3	0.942602	0.0441158	0.0132825
14.4	0.941129	0.045231	0.0136399
14.5	0.939622	0.0463721	0.0140063
14.6	0.938079	0.0475393	0.0143819
14.7	0.9365	0.0487333	0.014767
14.8	0.934884	0.0499544	0.0151617
14.9	0.93323	0.0512033	0.0155663
15	0.931539	0.0524803	0.015981
15.1	0.929808	0.0537859	0.0164061
15.2	0.928038	0.0551206	0.0168417
15.3	0.926227	0.0564849	0.0172881
15.4	0.924375	0.0578792	0.0177455
15.5	0.922482	0.0593041	0.0182142
15.6	0.920546	0.06076	0.0186945
15.7	0.918566	0.0622474	0.0191865
15.8	0.916543	0.0637667	0.0196905
15.9	0.914475	0.0653184	0.0202068
16	0.912361	0.066903	0.0207357
16.1	0.910202	0.0685209	0.0212774
16.2	0.907995	0.0701725	0.0218321
16.3	0.905741	0.0718584	0.0224002
16.4	0.903439	0.0735789	0.022982
16.5	0.901088	0.0753345	0.0235776
16.6	0.898687	0.0771255	0.0241874
16.7	0.896236	0.0789524	0.0248117
16.8	0.893734	0.0808156	0.0254507
16.9	0.89118	0.0827154	0.0261048
17	0.888573	0.0846523	0.0267743
17.1	0.885914	0.0866265	0.0274594
17.2	0.883201	0.0886384	0.0281604
17.3	0.880434	0.0906884	0.0288777
17.4	0.877612	0.0927767	0.0296115
17.5	0.874734	0.0949036	0.0303622
17.6	0.871801	0.0970694	0.0311301
17.7	0.86881	0.0992743	0.0319154
17.8	0.865763	0.101519	0.0327186
17.9	0.862658	0.103802	0.0335398
18	0.859494	0.106126	0.0343795
18.1	0.856273	0.108489	0.035238
18.2	0.852992	0.110893	0.0361155
18.3	0.849651	0.113337	0.0370123
18.4	0.846251	0.11582	0.037929
18.5	0.84279	0.118344	0.0388656
18.6	0.839269	0.120909	0.0398226
18.7	0.835687	0.123513	0.0408002
18.8	0.832043	0.126158	0.0417989
18.9	0.828339	0.128842	0.0428189
19	0.824573	0.131567	0.0438605
19.1	0.820745	0.134331	0.044924
19.2	0.816855	0.137135	0.0460099
19.3	0.812903	0.139978	0.0471183
19.4	0.80889	0.142861	0.0482496
19.5	0.804814	0.145782	0.0494042
19.6	0.800677	0.148741	0.0505822
19.7	0.796478	0.151738	0.0517841
19.8	0.792217	0.154773	0.0530101
19.9	0.787895	0.157845	0.0542606
20	0.783512	0.160953	0.0555358
20.1	0.779067	0.164097	0.0568359
20.2	0.774563	0.167276	0.0581614
20.3	0.769998	0.17049	0.0595124
20.4	0.765374	0.173737	0.0608893
20.5	0.76069	0.177018	0.0622923
20.6	0.755948	0.18033	0.0637217
20.7	0.751148	0.183675	0.0651777
20.8	0.74629	0.187049	0.0666606
20.9	0.741377	0.190453	0.0681706
21	0.736407	0.193885	0.0697079
21.1	0.731382	0.197345	0.0712728
21.2	0.726304	0.200831	0.0728655
21.3	0.721172	0.204342	0.0744861
21.4	0.715989	0.207876	0.076135
21.5	0.710754	0.211434	0.0778122
21.6	0.705469	0.215013	0.079518
21.7	0.700136	0.218611	0.0812525
21.8	0.694756	0.222228	0.0830158
21.9	0.689329	0.225863	0.0848082
22	0.683858	0.229513	0.0866297
22.1	0.678343	0.233177	0.0884804
22.2	0.672786	0.236853	0.0903605
22.3	0.667189	0.240541	0.0922701
22.4	0.661553	0.244238	0.0942092
22.5	0.655879	0.247943	0.0961779
22.6	0.65017	0.251654	0.0981763
22.7	0.644426	0.255369	0.100204
22.8	0.638651	0.259087	0.102262
22.9	0.632844	0.262806	0.10435
23	0.627009	0.266524	0.106467
23.1	0.621147	0.270239	0.108614
23.2	0.61526	0.273949	0.110791
23.3	0.609349	0.277654	0.112997
23.4	0.603417	0.281349	0.115233
23.5	0.597466	0.285035	0.117499
23.6	0.591497	0.288709	0.119794
23.7	0.585512	0.292369	0.122118
23.8	0.579515	0.296014	0.124472
23.9	0.573505	0.299641	0.126854
24	0.567486	0.303248	0.129266
24.1	0.561459	0.306834	0.131706
24.2	0.555427	0.310397	0.134175
24.3	0.549392	0.313935	0.136673
24.4	0.543355	0.317447	0.139198
24.5	0.537319	0.32093	0.141752
24.6	0.531285	0.324382	0.144333
24.7	0.525255	0.327803	0.146942
24.8	0.519233	0.33119	0.149578
24.9	0.513219	0.334541	0.152241
25	0.507215	0.337855	0.15493
25.1	0.501224	0.34113	0.157646
25.2	0.495247	0.344365	0.160388
25.3	0.489286	0.347558	0.163156
25.4	0.483344	0.350707	0.165949
25.5	0.477421	0.353812	0.168767
25.6	0.47152	0.35687	0.17161
25.7	0.465642	0.359881	0.174477
25.8	0.45979	0.362842	0.177368
25.9	0.453965	0.365753	0.180282
26	0.448168	0.368612	0.18322
26.1	0.442401	0.371419	0.18618
26.2	0.436666	0.374171	0.189162
26.3	0.430965	0.376869	0.192167
26.4	0.425298	0.37951	0.195192
26.5	0.419667	0.382095	0.198239
26.6	0.414073	0.384621	0.201305
26.7	0.408519	0.387089	0.204392
26.8	0.403005	0.389497	0.207499
26.9	0.397532	0.391844	0.210624
27	0.392101	0.394131	0.213768
27.1	0.386714	0.396356	0.21693
27.2	0.381372	0.398518	0.22011
27.3	0.376076	0.400618	0.223306
27.4	0.370826	0.402655	0.226519
27.5	0.365624	0.404628	0.229748
27.6	0.36047	0.406536	0.232993
27.7	0.355366	0.408381	0.236253
27.8	0.350312	0.410161	0.239527
27.9	0.345308	0.411876	0.242815
28	0.340356	0.413527	0.246117
28.1	0.335456	0.415112	0.249432
28.2	0.330609	0.416633	0.252759
28.3	0.325815	0.418088	0.256097
28.4	0.321074	0.419479	0.259448
28.5	0.316387	0.420804	0.262809
28.6	0.311754	0.422065	0.26618
28.7	0.307176	0.423262	0.269562
28.8	0.302653	0.424394	0.272953
28.9	0.298185	0.425463	0.276352
29	0.293773	0.426468	0.27976
29.1	0.289415	0.427409	0.283175
29.2	0.285114	0.428288	0.286598
29.3	0.280868	0.429105	0.290028
29.4	0.276677	0.429859	0.293464
29.5	0.272542	0.430552	0.296905
29.6	0.268463	0.431185	0.300352
29.7	0.264439	0.431757	0.303804
29.8	0.260471	0.432269	0.30726
29.9	0.256558	0.432722	0.31072
30	0.2527	0.433117	0.314184
30.1	0.248896	0.433454	0.31765
30.2	0.245148	0.433734	0.321119
30.3	0.241453	0.433957	0.32459
30.4	0.237813	0.434125	0.328062
30.5	0.234226	0.434238	0.331535
30.6	0.230693	0.434297	0.33501
30.7	0.227213	0.434303	0.338484
30.8	0.223785	0.434256	0.341958
30.9	0.22041	0.434158	0.345432
31	0.217087	0.434009	0.348905
31.1	0.213815	0.433809	0.352376
31.2	0.210594	0.433561	0.355846
31.3	0.207423	0.433264	0.359313
31.4	0.204303	0.43292	0.362778
31.5	0.201232	0.432529	0.366239
31.6	0.19821	0.432092	0.369698
31.7	0.195236	0.431611	0.373153
31.8	0.192311	0.431085	0.376604
31.9	0.189433	0.430517	0.38005
32	0.186602	0.429906	0.383492
32.1	0.183817	0.429254	0.386928
32.2	0.181079	0.428562	0.39036
32.3	0.178385	0.42783	0.393785
32.4	0.175736	0.427059	0.397205
32.5	0.173131	0.426251	0.400618
32.6	0.17057	0.425405	0.404025
32.7	0.168052	0.424524	0.407425
32.8	0.165576	0.423607	0.410817
32.9	0.163142	0.422656	0.414202
33	0.160749	0.421671	0.417579
33.1	0.158397	0.420654	0.420949
33.2	0.156085	0.419605	0.42431
33.3	0.153812	0.418525	0.427662
33.4	0.151578	0.417415	0.431006
33.5	0.149383	0.416276	0.434341
33.6	0.147225	0.415108	0.437667
33.7	0.145105	0.413913	0.440983
33.8	0.143021	0.41269	0.444289
33.9	0.140973	0.411441	0.447586
34	0.13896	0.410167	0.450872
34.1	0.136983	0.408869	0.454148
34.2	0.13504	0.407546	0.457414
34.3	0.13313	0.406201	0.460669
34.4	0.131254	0.404833	0.463913
34.5	0.129411	0.403443	0.467146
34.6	0.127599	0.402033	0.470368
34.7	0.125819	0.400602	0.473579
34.8	0.124071	0.399152	0.476778
34.9	0.122353	0.397682	0.479965
35	0.120665	0.396195	0.483141
35.1	0.119006	0.39469	0.486304
35.2	0.117377	0.393168	0.489456
35.3	0.115775	0.39163	0.492595
35.4	0.114202	0.390076	0.495722
35.5	0.112657	0.388507	0.498836
35.6	0.111139	0.386924	0.501938
35.7	0.109647	0.385327	0.505027
35.8	0.108181	0.383716	0.508103
35.9	0.106741	0.382093	0.511166
36	0.105326	0.380458	0.514216
36.1	0.103936	0.378811	0.517253
36.2	0.10257	0.377153	0.520277
36.3	0.101228	0.375485	0.523288
36.4	0.0999088	0.373806	0.526285
36.5	0.0986131	0.372118	0.529269
36.6	0.09734	0.370421	0.532239
36.7	0.096089	0.368716	0.535195
36.8	0.0948598	0.367002	0.538138
36.9	0.0936519	0.365281	0.541067
37	0.092465	0.363552	0.543983
37.1	0.0912987	0.361817	0.546884
37.2	0.0901525	0.360076	0.549772
37.3	0.0890262	0.358328	0.552645
37.4	0.0879194	0.356576	0.555505
37.5	0.0868316	0.354818	0.558351
37.6	0.0857626	0.353055	0.561182
37.7	0.084712	0.351289	0.563999
37.8	0.0836794	0.349518	0.566803
37.9	0.0826645	0.347744	0.569592
38	0.0816671	0.345966	0.572367
38.1	0.0806867	0.344186	0.575127
38.2	0.079723	0.342403	0.577874
38.3	0.0787757	0.340619	0.580606
38.4	0.0778446	0.338832	0.583323
38.5	0.0769293	0.337044	0.586027
38.6	0.0760295	0.335254	0.588716
38.7	0.075145	0.333464	0.591391
38.8	0.0742753	0.331673	0.594052
38.9	0.0734204	0.329882	0.596698
39	0.0725799	0.32809	0.59933
39.1	0.0717534	0.326299	0.601947
39.2	0.0709408	0.324509	0.60455
39.3	0.0701419	0.322719	0.607139
39.4	0.0693562	0.32093	0.609714
39.5	0.0685837	0.319142	0.612274
39.6	0.067824	0.317356	0.61482
39.7	0.0670769	0.315571	0.617352
39.8	0.0663422	0.313788	0.619869
39.9	0.0656196	0.312008	0.622373
40	0.064909	0.31023	0.624862
40.1	0.06421	0.308454	0.627336
40.2	0.0635225	0.306681	0.629797
40.3	0.0628462	0.304911	0.632243
40.4	0.062181	0.303144	0.634675
40.5	0.0615267	0.30138	0.637093
40.6	0.060883	0.29962	0.639497
40.7	0.0602497	0.297863	0.641887
40.8	0.0596267	0.29611	0.644263
40.9	0.0590137	0.294361	0.646625
41	0.0584106	0.292616	0.648973
41.1	0.0578172	0.290876	0.651307
41.2	0.0572333	0.28914	0.653627
41.3	0.0566588	0.287408	0.655933
41.4	0.0560934	0.285681	0.658226
41.5	0.055537	0.283959	0.660504
41.6	0.0549894	0.282242	0.662769
41.7	0.0544505	0.280529	0.66502
41.8	0.0539201	0.278822	0.667257
41.9	0.0533981	0.277121	0.669481
42	0.0528842	0.275424	0.671691
42.1	0.0523784	0.273734	0.673888
42.2	0.0518805	0.272048	0.676071
42.3	0.0513904	0.270369	0.678241
42.4	0.0509079	0.268695	0.680397
42.5	0.0504328	0.267027	0.68254
42.6	0.0499651	0.265365	0.68467
42.7	0.0495047	0.26371	0.686786
42.8	0.0490513	0.26206	0.688889
42.9	0.0486048	0.260416	0.690979
43	0.0481652	0.258779	0.693056
43.1	0.0477323	0.257148	0.695119
43.2	0.047306	0.255524	0.69717
43.3	0.0468861	0.253906	0.699208
43.4	0.0464726	0.252295	0.701233
43.5	0.0460653	0.25069	0.703244
43.6	0.0456642	0.249092	0.705244
43.7	0.0452691	0.247501	0.70723
43.8	0.0448799	0.245917	0.709204
43.9	0.0444965	0.244339	0.711165
44	0.0441188	0.242768	0.713113
44.1	0.0437467	0.241204	0.715049
44.2	0.0433801	0.239648	0.716972
44.3	0.0430189	0.238098	0.718883
44.4	0.0426631	0.236555	0.720782
44.5	0.0423125	0.235019	0.722668
44.6	0.041967	0.233491	0.724542
44.7	0.0416265	0.231969	0.726404
44.8	0.041291	0.230455	0.728254
44.9	0.0409604	0.228948	0.730091
45	0.0406345	0.227449	0.731917
45.1	0.0403134	0.225956	0.733731
45.2	0.0399969	0.224471	0.735532
45.3	0.0396849	0.222993	0.737322
45.4	0.0393774	0.221522	0.7391
45.5	0.0390743	0.220059	0.740867
45.6	0.0387754	0.218603	0.742621
45.7	0.0384809	0.217155	0.744364
45.8	0.0381905	0.215714	0.746096
45.9	0.0379042	0.21428	0.747816
46	0.0376219	0.212854	0.749524
46.1	0.0373436	0.211435	0.751221
46.2	0.0370692	0.210024	0.752907
46.3	0.0367986	0.20862	0.754582
46.4	0.0365318	0.207223	0.756245
46.5	0.0362687	0.205834	0.757897
46.6	0.0360092	0.204452	0.759538
46.7	0.0357533	0.203078	0.761169
46.8	0.0355009	0.201711	0.762788
46.9	0.035252	0.200352	0.764396
47	0.0350065	0.199	0.765993
47.1	0.0347643	0.197656	0.76758
47.2	0.0345255	0.196319	0.769156
47.3	0.0342899	0.194989	0.770721
47.4	0.0340574	0.193667	0.772276
47.5	0.0338281	0.192352	0.77382
47.6	0.0336019	0.191045	0.775353
47.7	0.0333788	0.189745	0.776877
47.8	0.0331586	0.188452	0.778389
47.9	0.0329413	0.187167	0.779892
48	0.032727	0.185889	0.781384
48.1	0.0325155	0.184619	0.782866
48.2	0.0323068	0.183355	0.784338
48.3	0.0321008	0.182099	0.7858
48.4	0.0318976	0.180851	0.787252
48.5	0.031697	0.17961	0.788693
48.6	0.031499	0.178376	0.790125
48.7	0.0313037	0.177149	0.791547
48.8	0.0311108	0.175929	0.79296
48.9	0.0309205	0.174717	0.794362
49	0.0307327	0.173512	0.795755
49.1	0.0305472	0.172314	0.797138
49.2	0.0303642	0.171124	0.798512
49.3	0.0301835	0.16994	0.799876
49.4	0.0300051	0.168764	0.801231
49.5	0.029829	0.167594	0.802577
49.6	0.0296552	0.166432	0.803913
49.7	0.0294835	0.165277	0.80524
49.8	0.029314	0.164129	0.806557
49.9	0.0291467	0.162988	0.807866
50	0.0289815	0.161853	0.809165
50.1	0.0288184	0.160726	0.810455
50.2	0.0286573	0.159606	0.811737
50.3	0.0284982	0.158493	0.813009
50.4	0.0283411	0.157386	0.814273
50.5	0.0281859	0.156287	0.815527
50.6	0.0280327	0.155194	0.816773
50.7	0.0278814	0.154108	0.81801
50.8	0.0277319	0.153029	0.819239
50.9	0.0275843	0.151957	0.820459
51	0.0274385	0.150891	0.82167
51.1	0.0272945	0.149832	0.822873
51.2	0.0271522	0.14878	0.824068
51.3	0.0270117	0.147735	0.825254
51.4	0.0268729	0.146696	0.826431
51.5	0.0267357	0.145663	0.827601
51.6	0.0266003	0.144638	0.828762
51.7	0.0264664	0.143619	0.829915
51.8	0.0263342	0.142606	0.83106
51.9	0.0262035	0.1416	0.832197
52	0.0260744	0.1406	0.833326
52.1	0.0259469	0.139607	0.834446
52.2	0.0258209	0.13862	0.835559
52.3	0.0256963	0.137639	0.836664
52.4	0.0255733	0.136665	0.837762
52.5	0.0254517	0.135697	0.838851
52.6	0.0253315	0.134736	0.839933
52.7	0.0252128	0.13378	0.841007
52.8	0.0250954	0.132831	0.842073
52.9	0.0249794	0.131888	0.843132
53	0.0248648	0.130952	0.844183
53.1	0.0247515	0.130021	0.845227
53.2	0.0246395	0.129097	0.846264
53.3	0.0245288	0.128178	0.847293
53.4	0.0244194	0.127266	0.848315
53.5	0.0243113	0.12636	0.849329
53.6	0.0242044	0.125459	0.850336
53.7	0.0240987	0.124565	0.851337
53.8	0.0239942	0.123676	0.85233
53.9	0.023891	0.122794	0.853315
54	0.0237889	0.121917	0.854294
54.1	0.0236879	0.121046	0.855266
54.2	0.0235881	0.120181	0.856231
54.3	0.0234895	0.119322	0.857189
54.4	0.0233919	0.118468	0.85814
54.5	0.0232955	0.11762	0.859084
54.6	0.0232001	0.116778	0.860022
54.7	0.0231058	0.115941	0.860953
54.8	0.0230126	0.11511	0.861877
54.9	0.0229204	0.114285	0.862795
55	0.0228292	0.113465	0.863706
55.1	0.0227391	0.112651	0.86461
55.2	0.0226499	0.111842	0.865508
55.3	0.0225618	0.111039	0.8664
55.4	0.0224746	0.110241	0.867285
55.5	0.0223883	0.109448	0.868164
55.6	0.022303	0.108661	0.869036
55.7	0.0222187	0.107879	0.869902
55.8	0.0221352	0.107103	0.870762
55.9	0.0220527	0.106332	0.871616
56	0.0219711	0.105566	0.872463
56.1	0.0218904	0.104805	0.873305
56.2	0.0218105	0.104049	0.87414
56.3	0.0217315	0.103299	0.87497
56.4	0.0216534	0.102554	0.875793
56.5	0.021576	0.101813	0.876611
56.6	0.0214996	0.101078	0.877422
56.7	0.0214239	0.100348	0.878228
56.8	0.0213491	0.0996233	0.879028
56.9	0.021275	0.0989032	0.879822
57	0.0212018	0.0981881	0.88061
57.1	0.0211293	0.0974779	0.881393
57.2	0.0210576	0.0967726	0.88217
57.3	0.0209867	0.0960722	0.882941
57.4	0.0209165	0.0953766	0.883707
57.5	0.020847	0.0946858	0.884467
57.6	0.0207783	0.0939998	0.885222
57.7	0.0207103	0.0933185	0.885971
57.8	0.020643	0.092642	0.886715
57.9	0.0205764	0.0919701	0.887453
58	0.0205105	0.0913029	0.888187
58.1	0.0204453	0.0906403	0.888914
58.2	0.0203808	0.0899824	0.889637
58.3	0.020317	0.089329	0.890354
58.4	0.0202538	0.0886801	0.891066
58.5	0.0201912	0.0880358	0.891773
58.6	0.0201293	0.087396	0.892475
58.7	0.0200681	0.0867606	0.893171
58.8	0.0200075	0.0861297	0.893863
58.9	0.0199474	0.0855032	0.894549
59	0.0198881	0.084881	0.895231
59.1	0.0198293	0.0842632	0.895908
59.2	0.0197711	0.0836497	0.896579
59.3	0.0197135	0.0830406	0.897246
59.4	0.0196565	0.0824357	0.897908
59.5	0.0196001	0.081835	0.898565
59.6	0.0195442	0.0812386	0.899217
59.7	0.0194889	0.0806463	0.899865
59.8	0.0194342	0.0800583	0.900508
59.9	0.01938	0.0794743	0.901146
60	0.0193264	0.0788945	0.901779
60.1	0.0192733	0.0783187	0.902408
60.2	0.0192207	0.077747	0.903032
60.3	0.0191687	0.0771794	0.903652
60.4	0.0191172	0.0766157	0.904267
60.5	0.0190661	0.076056	0.904878
60.6	0.0190156	0.0755003	0.905484
60.7	0.0189656	0.0749485	0.906086
60.8	0.0189161	0.0744006	0.906683
60.9	0.0188671	0.0738566	0.907276
61	0.0188186	0.0733165	0.907865
61.1	0.0187705	0.0727801	0.908449
61.2	0.018723	0.0722476	0.909029
61.3	0.0186759	0.0717188	0.909605
61.4	0.0186292	0.0711938	0.910177
61.5	0.018583	0.0706726	0.910744
61.6	0.0185373	0.070155	0.911308
61.7	0.018492	0.0696411	0.911867
61.8	0.0184471	0.0691309	0.912422
61.9	0.0184027	0.0686243	0.912973
62	0.0183587	0.0681213	0.91352
62.1	0.0183152	0.0676219	0.914063
62.2	0.018272	0.067126	0.914602
62.3	0.0182293	0.0666337	0.915137
62.4	0.018187	0.0661449	0.915668
62.5	0.0181451	0.0656596	0.916195
62.6	0.0181036	0.0651777	0.916719
62.7	0.0180625	0.0646993	0.917238
62.8	0.0180218	0.0642244	0.917754
62.9	0.0179815	0.0637528	0.918266
63	0.0179415	0.0632845	0.918774
63.1	0.017902	0.0628197	0.919278
63.2	0.0178628	0.0623581	0.919779
63.3	0.017824	0.0618999	0.920276
63.4	0.0177856	0.061445	0.920769
63.5	0.0177475	0.0609933	0.921259
63.6	0.0177098	0.0605448	0.921745
63.7	0.0176725	0.0600996	0.922228
63.8	0.0176355	0.0596576	0.922707
63.9	0.0175988	0.0592187	0.923182
64	0.0175625	0.058783	0.923654
64.1	0.0175265	0.0583505	0.924123
64.2	0.0174909	0.057921	0.924588
64.3	0.0174556	0.0574946	0.92505
64.4	0.0174207	0.0570713	0.925508
64.5	0.017386	0.0566511	0.925963
64.6	0.0173517	0.0562339	0.926414
64.7	0.0173177	0.0558196	0.926863
64.8	0.0172841	0.0554084	0.927308
64.9	0.0172507	0.0550001	0.927749
65	0.0172176	0.0545948	0.928188
65.1	0.0171849	0.0541924	0.928623
65.2	0.0171524	0.0537929	0.929055
65.3	0.0171203	0.0533963	0.929483
65.4	0.0170885	0.0530026	0.929909
65.5	0.0170569	0.0526117	0.930331
65.6	0.0170256	0.0522236	0.930751
65.7	0.0169947	0.0518383	0.931167
65.8	0.016964	0.0514558	0.93158
65.9	0.0169336	0.0510761	0.93199
66	0.0169034	0.0506992	0.932397
66.1	0.0168736	0.0503249	0.932802
66.2	0.016844	0.0499534	0.933203
66.3	0.0168147	0.0495846	0.933601
66.4	0.0167856	0.0492184	0.933996
66.5	0.0167568	0.0488549	0.934388
66.6	0.0167283	0.048494	0.934778
66.7	0.0167	0.0481358	0.935164
66.8	0.016672	0.0477801	0.935548
66.9	0.0166443	0.047427	0.935929
67	0.0166168	0.0470765	0.936307
67.1	0.0165895	0.0467286	0.936682
67.2	0.0165625	0.0463831	0.937054
67.3	0.0165357	0.0460402	0.937424
67.4	0.0165092	0.0456998	0.937791
67.5	0.0164829	0.0453618	0.938155
67.6	0.0164569	0.0450263	0.938517
67.7	0.0164311	0.0446933	0.938876
67.8	0.0164055	0.0443626	0.939232
67.9	0.0163801	0.0440344	0.939585
68	0.016355	0.0437086	0.939936
68.1	0.0163301	0.0433851	0.940285
68.2	0.0163054	0.043064	0.940631
68.3	0.0162809	0.0427452	0.940974
68.4	0.0162567	0.0424288	0.941315
68.5	0.0162326	0.0421146	0.941653
68.6	0.0162088	0.0418028	0.941988
68.7	0.0161852	0.0414932	0.942322
68.8	0.0161618	0.0411859	0.942652
68.9	0.0161386	0.0408808	0.942981
69	0.0161156	0.040578	0.943306
69.1	0.0160928	0.0402774	0.94363
69.2	0.0160703	0.0399789	0.943951
69.3	0.0160479	0.0396827	0.944269
69.4	0.0160257	0.0393886	0.944586
69.5	0.0160037	0.0390966	0.9449
69.6	0.0159819	0.0388068	0.945211
69.7	0.0159603	0.0385191	0.945521
69.8	0.0159388	0.0382335	0.945828
69.9	0.0159176	0.03795	0.946132
70	0.0158966	0.0376686	0.946435
70.1	0.0158757	0.0373892	0.946735
70.2	0.015855	0.0371119	0.947033
70.3	0.0158345	0.0368366	0.947329
70.4	0.0158142	0.0365634	0.947622
70.5	0.015794	0.0362921	0.947914
70.6	0.015774	0.0360228	0.948203
70.7	0.0157542	0.0357555	0.94849
70.8	0.0157346	0.0354902	0.948775
70.9	0.0157152	0.0352267	0.949058
71	0.0156959	0.0349653	0.949339
71.1	0.0156767	0.0347057	0.949618
71.2	0.0156578	0.0344481	0.949894
71.3	0.015639	0.0341923	0.950169
71.4	0.0156203	0.0339384	0.950441
71.5	0.0156019	0.0336864	0.950712
71.6	0.0155836	0.0334362	0.95098
71.7	0.0155654	0.0331879	0.951247
71.8	0.0155474	0.0329414	0.951511
71.9	0.0155295	0.0326967	0.951774
72	0.0155119	0.0324538	0.952034
72.1	0.0154943	0.0322126	0.952293
72.2	0.0154769	0.0319733	0.95255
72.3	0.0154597	0.0317357	0.952805
72.4	0.0154426	0.0314999	0.953058
72.5	0.0154256	0.0312657	0.953309
72.6	0.0154088	0.0310334	0.953558
72.7	0.0153921	0.0308027	0.953805
72.8	0.0153756	0.0305737	0.954051
72.9	0.0153592	0.0303464	0.954294
73	0.015343	0.0301208	0.954536
73.1	0.0153269	0.0298968	0.954776
73.2	0.0153109	0.0296745	0.955015
73.3	0.0152951	0.0294538	0.955251
73.4	0.0152794	0.0292348	0.955486
73.5	0.0152638	0.0290173	0.955719
73.6	0.0152484	0.0288015	0.95595
73.7	0.0152331	0.0285873	0.95618
73.8	0.0152179	0.0283746	0.956408
73.9	0.0152028	0.0281635	0.956634
74	0.0151879	0.0279539	0.956858
74.1	0.0151731	0.0277459	0.957081
74.2	0.0151585	0.0275395	0.957302
74.3	0.0151439	0.0273345	0.957522
74.4	0.0151295	0.0271311	0.957739
74.5	0.0151152	0.0269292	0.957956
74.6	0.015101	0.0267287	0.95817
74.7	0.0150869	0.0265297	0.958383
74.8	0.015073	0.0263322	0.958595
74.9	0.0150591	0.0261362	0.958805
75	0.0150454	0.0259416	0.959013
75.1	0.0150318	0.0257485	0.95922
75.2	0.0150183	0.0255567	0.959425
75.3	0.0150049	0.0253664	0.959629
75.4	0.0149917	0.0251775	0.959831
75.5	0.0149785	0.02499	0.960031
75.6	0.0149655	0.0248039	0.960231
75.7	0.0149525	0.0246191	0.960428
75.8	0.0149397	0.0244357	0.960625
75.9	0.014927	0.0242537	0.960819
76	0.0149144	0.024073	0.961013
76.1	0.0149018	0.0238937	0.961205
76.2	0.0148894	0.0237156	0.961395
76.3	0.0148771	0.0235389	0.961584
76.4	0.0148649	0.0233635	0.961772
76.5	0.0148528	0.0231894	0.961958
76.6	0.0148408	0.0230166	0.962143
76.7	0.0148289	0.0228451	0.962326
76.8	0.0148171	0.0226748	0.962508
76.9	0.0148054	0.0225058	0.962689
77	0.0147938	0.022338	0.962868
77.1	0.0147823	0.0221715	0.963046
77.2	0.0147708	0.0220062	0.963223
77.3	0.0147595	0.0218421	0.963398
77.4	0.0147483	0.0216793	0.963572
77.5	0.0147371	0.0215177	0.963745
77.6	0.0147261	0.0213572	0.963917
77.7	0.0147151	0.0211979	0.964087
77.8	0.0147042	0.0210399	0.964256
77.9	0.0146934	0.020883	0.964424
78	0.0146828	0.0207272	0.96459
78.1	0.0146721	0.0205726	0.964755
78.2	0.0146616	0.0204192	0.964919
78.3	0.0146512	0.0202669	0.965082
78.4	0.0146408	0.0201157	0.965243
78.5	0.0146306	0.0199656	0.965404
78.6	0.0146204	0.0198167	0.965563
78.7	0.0146103	0.0196688	0.965721
78.8	0.0146003	0.0195221	0.965878
78.9	0.0145903	0.0193764	0.966033
79	0.0145805	0.0192319	0.966188
79.1	0.0145707	0.0190884	0.966341
79.2	0.014561	0.0189459	0.966493
79.3	0.0145514	0.0188045	0.966644
79.4	0.0145419	0.0186642	0.966794
79.5	0.0145324	0.0185249	0.966943
79.6	0.014523	0.0183866	0.96709
79.7	0.0145137	0.0182494	0.967237
79.8	0.0145045	0.0181132	0.967382
79.9	0.0144953	0.017978	0.967527
80	0.0144862	0.0178438	0.96767
80.1	0.0144772	0.0177106	0.967812
80.2	0.0144683	0.0175784	0.967953
80.3	0.0144594	0.0174471	0.968093
80.4	0.0144506	0.0173169	0.968233
80.5	0.0144419	0.0171876	0.968371
80.6	0.0144332	0.0170592	0.968508
80.7	0.0144247	0.0169319	0.968643
80.8	0.0144162	0.0168054	0.968778
80.9	0.0144077	0.0166799	0.968912
81	0.0143993	0.0165554	0.969045
81.1	0.014391	0.0164317	0.969177
81.2	0.0143828	0.016309	0.969308
81.3	0.0143746	0.0161872	0.969438
81.4	0.0143665	0.0160663	0.969567
81.5	0.0143584	0.0159463	0.969695
81.6	0.0143505	0.0158272	0.969822
81.7	0.0143425	0.015709	0.969949
81.8	0.0143347	0.0155916	0.970074
81.9	0.0143269	0.0154751	0.970198
82	0.0143192	0.0153595	0.970321
82.1	0.0143115	0.0152448	0.970444
82.2	0.0143039	0.0151309	0.970565
82.3	0.0142964	0.0150178	0.970686
82.4	0.0142889	0.0149056	0.970806
82.5	0.0142814	0.0147942	0.970924
82.6	0.0142741	0.0146837	0.971042
82.7	0.0142668	0.014574	0.971159
82.8	0.0142595	0.0144651	0.971275
82.9	0.0142523	0.014357	0.971391
83	0.0142452	0.0142497	0.971505
83.1	0.0142381	0.0141432	0.971619
83.2	0.0142311	0.0140375	0.971731
83.3	0.0142241	0.0139326	0.971843
83.4	0.0142172	0.0138284	0.971954
83.5	0.0142104	0.0137251	0.972065
83.6	0.0142036	0.0136225	0.972174
83.7	0.0141968	0.0135206	0.972283
83.8	0.0141901	0.0134196	0.97239
83.9	0.0141835	0.0133193	0.972497
84	0.0141769	0.0132197	0.972603
84.1	0.0141704	0.0131209	0.972709
84.2	0.0141639	0.0130228	0.972813
84.3	0.0141575	0.0129254	0.972917
84.4	0.0141511	0.0128288	0.97302
84.5	0.0141448	0.0127329	0.973122
84.6	0.0141385	0.0126377	0.973224
84.7	0.0141323	0.0125432	0.973325
84.8	0.0141261	0.0124494	0.973425
84.9	0.0141199	0.0123563	0.973524
85	0.0141139	0.0122639	0.973622
85.1	0.0141078	0.0121722	0.97372
85.2	0.0141018	0.0120811	0.973817
85.3	0.0140959	0.0119908	0.973913
85.4	0.01409	0.0119011	0.974009
85.5	0.0140842	0.0118121	0.974104
85.6	0.0140784	0.0117238	0.974198
85.7	0.0140726	0.0116361	0.974291
85.8	0.0140669	0.0115491	0.974384
85.9	0.0140612	0.0114627	0.974476
86	0.0140556	0.0113769	0.974567
86.1	0.01405	0.0112918	0.974658
86.2	0.0140445	0.0112074	0.974748
86.3	0.014039	0.0111235	0.974837
86.4	0.0140336	0.0110403	0.974926
86.5	0.0140282	0.0109577	0.975014
86.6	0.0140228	0.0108758	0.975101
86.7	0.0140175	0.0107944	0.975188
86.8	0.0140122	0.0107136	0.975274
86.9	0.014007	0.0106335	0.97536
87	0.0140018	0.0105539	0.975444
87.1	0.0139967	0.010475	0.975528
87.2	0.0139915	0.0103966	0.975612
87.3	0.0139865	0.0103188	0.975695
87.4	0.0139814	0.0102416	0.975777
87.5	0.0139764	0.010165	0.975859
87.6	0.0139715	0.0100889	0.97594
87.7	0.0139666	0.0100134	0.97602
87.8	0.0139617	0.00993847	0.9761
87.9	0.0139569	0.00986409	0.976179
88	0.0139521	0.00979028	0.976258
88.1	0.0139473	0.00971701	0.976336
88.2	0.0139426	0.00964429	0.976413
88.3	0.0139379	0.00957211	0.97649
88.4	0.0139332	0.00950047	0.976566
88.5	0.0139286	0.00942937	0.976642
88.6	0.013924	0.0093588	0.976717
88.7	0.0139195	0.00928875	0.976792
88.8	0.013915	0.00921923	0.976866
88.9	0.0139105	0.00915022	0.976939
89	0.0139061	0.00908173	0.977012
89.1	0.0139017	0.00901375	0.977085
89.2	0.0138973	0.00894628	0.977156
89.3	0.013893	0.00887931	0.977228
89.4	0.0138887	0.00881285	0.977298
89.5	0.0138844	0.00874687	0.977369
89.6	0.0138802	0.0086814	0.977438
89.7	0.013876	0.00861641	0.977508
89.8	0.0138718	0.0085519	0.977576
89.9	0.0138677	0.00848788	0.977644
90	0.0138636	0.00842433	0.977712
90.1	0.0138595	0.00836126	0.977779
90.2	0.0138555	0.00829866	0.977846
90.3	0.0138514	0.00823653	0.977912
90.4	0.0138475	0.00817486	0.977978
90.5	0.0138435	0.00811366	0.978043
90.6	0.0138396	0.00805291	0.978107
90.7	0.0138357	0.00799261	0.978172
90.8	0.0138319	0.00793277	0.978235
90.9	0.013828	0.00787337	0.978299
91	0.0138242	0.00781441	0.978361
91.1	0.0138205	0.0077559	0.978424
91.2	0.0138167	0.00769782	0.978485
91.3	0.013813	0.00764018	0.978547
91.4	0.0138094	0.00758296	0.978608
91.5	0.0138057	0.00752618	0.978668
91.6	0.0138021	0.00746982	0.978728
91.7	0.0137985	0.00741388	0.978788
91.8	0.0137949	0.00735835	0.978847
91.9	0.0137914	0.00730325	0.978905
92	0.0137879	0.00724855	0.978964
92.1	0.0137844	0.00719427	0.979021
92.2	0.0137809	0.00714038	0.979079
92.3	0.0137775	0.00708691	0.979136
92.4	0.0137741	0.00703383	0.979192
92.5	0.0137707	0.00698115	0.979248
92.6	0.0137674	0.00692886	0.979304
92.7	0.013764	0.00687696	0.979359
92.8	0.0137607	0.00682545	0.979414
92.9	0.0137575	0.00677433	0.979468
93	0.0137542	0.00672359	0.979522
93.1	0.013751	0.00667322	0.979576
93.2	0.0137478	0.00662324	0.979629
93.3	0.0137446	0.00657362	0.979682
93.4	0.0137415	0.00652438	0.979734
93.5	0.0137383	0.00647551	0.979786
93.6	0.0137352	0.006427	0.979838
93.7	0.0137322	0.00637885	0.979889
93.8	0.0137291	0.00633107	0.97994
93.9	0.0137261	0.00628364	0.97999
94	0.0137231	0.00623657	0.98004
94.1	0.0137201	0.00618985	0.98009
94.2	0.0137171	0.00614347	0.980139
94.3	0.0137142	0.00609745	0.980188
94.4	0.0137113	0.00605177	0.980237
94.5	0.0137084	0.00600643	0.980285
94.6	0.0137055	0.00596143	0.980333
94.7	0.0137027	0.00591676	0.980381
94.8	0.0136998	0.00587243	0.980428
94.9	0.013697	0.00582844	0.980475
95	0.0136942	0.00578477	0.980521
95.1	0.0136915	0.00574142	0.980567
95.2	0.0136887	0.00569841	0.980613
95.3	0.013686	0.00565571	0.980658
95.4	0.0136833	0.00561333	0.980703
95.5	0.0136806	0.00557127	0.980748
95.6	0.013678	0.00552953	0.980792
95.7	0.0136753	0.00548809	0.980837
95.8	0.0136727	0.00544697	0.98088
95.9	0.0136701	0.00540615	0.980924
96	0.0136676	0.00536564	0.980967
96.1	0.013665	0.00532544	0.98101
96.2	0.0136625	0.00528553	0.981052
96.3	0.0136599	0.00524592	0.981094
96.4	0.0136574	0.00520661	0.981136
96.5	0.013655	0.00516759	0.981177
96.6	0.0136525	0.00512887	0.981219
96.7	0.0136501	0.00509043	0.98126
96.8	0.0136476	0.00505228	0.9813
96.9	0.0136452	0.00501442	0.98134
97	0.0136429	0.00497684	0.98138
97.1	0.0136405	0.00493954	0.98142
97.2	0.0136381	0.00490252	0.981459
97.3	0.0136358	0.00486578	0.981498
97.4	0.0136335	0.00482932	0.981537
97.5	0.0136312	0.00479312	0.981576
97.6	0.0136289	0.0047572	0.981614
97.7	0.0136267	0.00472154	0.981652
97.8	0.0136244	0.00468616	0.981689
97.9	0.0136222	0.00465103	0.981727
98	0.01362	0.00461617	0.981764
98.1	0.0136178	0.00458158	0.981801
98.2	0.0136156	0.00454724	0.981837
98.3	0.0136135	0.00451315	0.981873
98.4	0.0136113	0.00447933	0.981909
98.5	0.0136092	0.00444575	0.981945
98.6	0.0136071	0.00441243	0.98198
98.7	0.013605	0.00437935	0.982016
98.8	0.0136029	0.00434653	0.982051
98.9	0.0136008	0.00431395	0.982085
99	0.0135988	0.00428161	0.98212
99.1	0.0135968	0.00424952	0.982154
99.2	0.0135948	0.00421766	0.982188
99.3	0.0135928	0.00418605	0.982221
99.4	0.0135908	0.00415467	0.982255
99.5	0.0135888	0.00412353	0.982288
99.6	0.0135869	0.00409261	0.982321
99.7	0.0135849	0.00406194	0.982353
99.8	0.013583	0.00403149	0.982386
99.9	0.0135811	0.00400126	0.982418
100	0.0135792	0.00397127	0.98245
